% -------------------------------------------------------------------
%  Generated by MATLAB on 22-Mar-2016 19:23:49
%  MATLAB version: 8.3.0.532 (R2014a)
% -------------------------------------------------------------------
                               

c = [1.16238121006294; 1.04734449904519; 0.804581299771153; 0.636710533672624; ...
     -0.18015174113091; -0.266287410603572; -0.421865765871252; -0.681889668428215; ...
     -0.553098313665051; -0.515804715929585; -0.0329762031235747; -0.00425772520135093; ...
     -0.0242736219903006; -0.292645572239547; -0.88698008368448; -0.705700760577804; ...
     -0.493676844619972; -0.444336514536042; -0.0307994010231877; -0.267907424457006; ...
     -0.459483255587442; -0.723182123024191; -0.342372078342151; -0.932969184289389; ...
     -0.832675521064959; -0.364610063127765; -0.590371362736043; -0.318330090858529; ...
     -0.529487936362327; 0.0543523681923341; 0.170719020205362; 0.806106246846638; ...
     0.660901575898332; 2.00398871873838; 1.52483832325975; 1.49966854440627; ...
     2.59474451316961; 1.2003940677013; 1.2223233308321; 1.06248817910044; ...
     0.0170805369629601; 1.28662827376441; 0.9486485835139; 0.0698545175495141; ...
     -0.278633778155482; -0.453739816701158; -0.15621296507633; -0.307519002884354; ...
     -0.362026076625407; -0.423910133422878; -0.32112085410223; -0.109342975655574; ...
     0.20393946545883; -0.485689227857533; -0.498772214869059; 0.0514509009272412; ...
     -0.80994775133133; -0.637928199320548; -0.489944253371632; -1.51905101869123; ...
     -0.883997385327573; -1.13058283644228; -1.61205435683111; -0.411952317016973; ...
     0.474190446450151; 0.487098567218369; 0.773200309906885; 0.804619502530268; ...
     -0.369003277090496; 0.0374696616764814; -0.467593363488861; -1.401847453445; ...
     -0.990655463198248; -0.677504093096531; 0.0917391161767367; 0.390630063996322; ...
     0.477667312789404; 0.669105281193089; 1.78789984577406; 1.17958869229822; ...
     0.607592069127855; 0.609592981692558; -0.954105309621223; -1.37258054004061; ...
     -0.669314128974308; 0.647070367006647; 0.529367712661766; 1.12896825377112; ...
     0.792931481294468; -0.239388718967104; -0.0141340433883641; -2.1182965703946; ...
     -0.975859544634067; -1.10048227539851; -1.44021415976426; -1.85541679338558; ...
     -0.835551638066775; -0.643920520116367; -0.712303046069055; -1.1380763721345; ...
     -0.00917246511849268; 0.200188005905644; 0.452790104655443; -0.0607062226553989; ...
     0.96407597637147; 2.74955159552353; 2.94053298110311; 4.71811400966516; ...
     5.20255072465163; 5.2151503482483; 4.92396850843818; -0.505198635763517; ...
     -3.79563240565925; -4.28029837340418; -3.35078984089993; -1.9660249235647; ...
     -1.20482749316622; -2.07979265589492; -1.74576250075794; -0.0122792463526422; ...
     -0.362794009713319; 0.420249766654762; 0.34463538650229; 0.965883497475811; ...
     0.60429935010537; -0.961415482264949; -1.31793711338489; -1.58134077232777; ...
     -1.36787797747099; -1.13181190920937; -0.346550824201597; -0.400795596663356; ...
     -0.0750305065450305; 2.15551066345082; 2.43364102468828; 1.51182649436679; ...
     ];

